1 1 2 0.9
2 2 1 0.9 3 1.8
2 3 2 1.8 4 1.2
2 4 3 1.2 5 1.3
2 5 4 1.3 6 1.5
4 6 5 1.5 7 1.4 89 2.2 170 1.7
2 7 6 1.4 8 1.3
2 8 7 1.3 9 0.9
2 9 8 0.9 10 1.2
2 10 9 1.2 11 1.1
2 11 10 1.1 12 1.1
5 12 11 1.1 13 1.2 29 1.6 73 1.2 74 2.3
2 13 12 1.2 14 1.2
2 14 13 1.2 15 0.6
3 15 14 0.6 61 1.9 13 1.2
2 16 13 1 17 0.8
4 17 16 0.8 18 0.6 203 1.3 204 2.4
2 18 17 0.6 19 1.4
2 19 18 1.4 20 1.3
2 20 19 1.3 21 1.3
4 21 20 1.3 22 0.8 180 1.1 11 1.3
2 22 21 0.8 23 1
2 23 22 1 70 1.7
2 24 70 1.8 25 1
2 25 24 1 26 1.9
2 26 25 1.9 27 1.3
2 27 26 1.3 28 1.6
2 28 27 1.6 29 1.3
2 29 28 1.3 30 2.7
2 30 29 2.7 31 2.5
2 31 30 2.5 32 0.9
2 32 31 0.9 33 1.3
2 33 32 1.3 34 1.4
2 34 33 1.4 35 1.5
1 35 34 1.5
1 36 37 1
2 37 36 1 38 1
2 38 37 1 39 1
2 39 38 1 40 1.3
2 40 39 1.3 41 1.8
2 41 40 1.8 42 2.1
2 42 41 2.1 43 1.3
2 43 42 1.3 44 1.3
2 44 43 1.3 45 1.2
2 45 44 1.2 46 0.8
2 46 45 0.8 47 0.8
2 47 46 0.8 48 0.8
2 48 47 0.8 49 1.2
2 49 48 1.2 50 0.9
2 50 49 0.9 51 1
2 51 50 1 52 0.7
2 52 51 0.7 53 1.1
2 53 52 1.1 54 1.5
2 54 53 1.5 55 0.9
3 55 54 0.9 56 1.5 57 2
3 56 55 1.5 69 1.1 70 1.2
2 57 55 2 20 1.1
2 58 59 3.4 41 3.1
2 59 58 3.4 60 7
2 60 59 7 61 6.8
2 61 15 1.9 60 6.8
1 62 63 1
2 63 62 1 64 1.3
2 64 63 1.3 65 0.8
2 65 64 0.8 66 1
2 66 65 1 67 1.3
4 67 66 1.3 68 1.5 170 1.6 171 1.1
2 68 67 1.5 69 0.8
2 69 68 0.8 56 1.1
2 70 56 1.2 71 1.7
2 71 70 1.7 72 0.8 
2 72 71 0.8 73 1
2 73 72 1 12 1.2
2 74 12 2.3 75 1.7
2 75 74 1.7 76 1.1
4 76 75 1.1 77 1.2 23 1.3 114 1.8
2 77 76 1.2 78 1.1
2 78 77 1.1 79 1.1
2 79 78 1.1 80 0.9
2 80 79 0.9 161 1
